1	36
10	30
100	29
1000	3
1001	56
1002	26
1003	31
1004	57
1005	17
1006	20
1007	12
1008	21
1009	24
101	48
1010	41
1011	25
1012	29
1013	5
1014	21
1015	24
1016	22
1017	19
1018	13
1019	16
102	34
1020	24
1021	23
1022	21
1023	13
1024	25
1025	14
1026	26
1027	28
1028	14
1029	18
103	31
1030	16
1031	18
1032	16
1033	26
1034	21
1035	21
1036	13
1037	35
1038	22
1039	15
104	47
1040	14
1041	45
1042	16
1043	15
1044	17
1045	20
1046	25
1047	10
1048	30
1049	15
105	37
1050	29
1051	20
1052	17
1053	24
1054	13
1055	46
1056	22
1057	23
1058	17
1059	26
106	23
1060	26
1061	26
1062	17
1063	14
1064	12
1065	14
1066	25
1067	33
1068	19
1069	15
107	42
1070	15
1071	31
1072	31
1073	10
1074	14
1075	12
1076	12
1077	10
1078	12
1079	20
108	33
1080	10
1081	16
1082	22
1083	17
1084	9
1085	12
1086	28
1087	12
1088	22
1089	42
109	22
1090	22
1091	8
1092	4
1093	16
1094	5
1095	15
1096	12
1097	29
1098	20
1099	36
11	37
110	37
1100	5
1101	26
1102	39
1103	69
1104	19
1105	42
1106	50
1107	12
1108	41
1109	38
111	31
1110	16
1111	42
1112	22
1113	11
1114	84
1115	59
1116	21
1117	17
1118	9
1119	44
112	27
1120	36
1121	26
1122	30
1123	26
1124	30
1125	14
1126	27
1127	26
1128	16
1129	28
113	10
1130	20
1131	24
1132	14
1133	11
1134	22
1135	25
1136	28
1137	24
1138	18
1139	22
114	32
1140	31
1141	20
1142	29
1143	19
1144	22
1145	24
1146	36
1147	28
1148	35
1149	35
115	17
1150	22
1151	24
1152	20
1153	33
1154	35
1155	17
1156	24
1157	35
1158	23
1159	32
116	19
1160	20
1161	35
1162	46
1163	27
1164	17
1165	53
1166	37
1167	39
1168	34
1169	24
117	29
1170	48
1171	42
1172	30
1173	14
1174	35
1175	22
1176	36
1177	25
1178	21
1179	28
118	23
1180	38
1181	31
1182	32
1183	18
1184	54
1185	24
1186	29
1187	48
1188	27
1189	38
119	31
1190	52
1191	37
1192	27
1193	44
1194	34
1195	36
1196	27
1197	20
1198	15
1199	43
12	36
120	24
1200	30
1201	40
1202	31
1203	27
1204	25
1205	48
1206	18
1207	37
1208	62
1209	57
121	19
1210	28
1211	29
1212	36
1213	69
1214	15
1215	28
1216	53
1217	29
1218	18
1219	68
122	42
1220	46
1221	26
1222	35
1223	38
1224	34
1225	30
1226	44
1227	33
1228	23
1229	38
123	26
1230	24
1231	38
1232	17
1233	24
1234	17
1235	19
1236	32
1237	38
1238	21
1239	40
124	34
1240	17
1241	26
1242	48
1243	34
1244	18
1245	27
1246	47
1247	39
1248	13
1249	50
125	24
1250	18
1251	22
1252	23
1253	29
1254	14
1255	26
1256	33
1257	42
1258	15
1259	21
126	26
1260	15
1261	24
1262	5
1263	5
1264	14
1265	23
1266	9
1267	9
1268	18
1269	19
127	20
1270	15
1271	22
1272	22
1273	17
1274	19
1275	21
1276	25
1277	32
1278	79
1279	54
128	49
1280	82
1281	58
1282	14
1283	16
1284	30
1285	6
1286	13
1287	22
1288	15
1289	22
129	27
1290	19
1291	21
1292	24
1293	11
1294	4
1295	14
1296	23
1297	9
1298	34
1299	6
130	23
1300	19
1301	6
1302	10
1303	37
1304	5
1305	12
1306	6
1307	6
1308	4
1309	7
131	43
1310	8
1311	18
1312	4
1314	14
1315	6
1316	7
1317	3
1318	2
1319	6
132	38
1320	4
1321	11
1322	2
1323	6
1324	4
1325	7
1326	10
1327	14
1328	8
1329	12
133	38
1330	7
1331	2
1332	8
1333	9
1334	1
1335	10
1336	4
1337	7
1338	21
1339	2
134	31
1340	6
1341	8
1342	6
1343	5
1344	5
1345	11
1346	7
1347	9
1348	7
1349	6
135	32
1350	10
1351	2
1352	8
1353	3
1354	12
1355	12
1356	10
1357	5
1358	6
1359	2
136	49
1360	7
1361	14
1362	3
1363	5
1364	13
1365	3
1366	2
1367	4
1368	3
1369	48
137	41
1370	5
1371	3
1372	2
1373	2
1374	15
1375	1
1376	2
1377	5
1378	5
1379	2
138	52
1380	15
1381	3
1382	22
1383	1
1384	4
1385	23
1386	11
1387	10
1388	2
1389	11
139	78
1390	7
1391	6
1392	10
1393	8
1394	1
1395	4
1396	7
1397	17
1398	7
1399	5
14	18
140	21
1400	50
1401	42
1402	37
1403	21
1404	30
1405	10
1406	26
1407	33
1408	18
1409	25
141	52
1410	33
1411	30
1412	35
1413	10
1414	20
1415	34
1416	31
1417	20
1418	15
1419	24
142	25
1420	13
1421	22
1422	28
1423	18
1424	13
1425	34
1426	27
1427	11
1428	38
1429	23
143	61
1430	21
1431	20
1432	17
1433	13
1434	15
1435	31
1436	27
1437	21
1438	28
1439	24
144	51
1440	17
1441	22
1442	55
1443	15
1444	16
1445	32
1446	30
1447	40
1448	35
1449	28
145	41
1450	45
1451	22
1452	21
1453	22
1454	23
1455	17
1456	15
1457	22
1458	30
1459	13
146	54
1460	21
1461	28
1462	15
1463	41
1464	23
1465	13
1466	17
1467	23
1468	32
1469	18
147	30
1470	35
1471	13
1472	21
1473	17
1474	16
1475	9
1476	37
1477	20
1478	9
1479	14
148	40
1480	18
1481	11
1482	22
1483	13
1484	34
1485	34
1486	12
1487	29
1488	28
1489	16
149	22
1490	22
1491	21
1492	28
1493	9
1494	6
1495	12
1496	28
1497	30
1498	23
1499	26
15	37
150	21
1500	25
1501	37
1502	16
1503	20
1504	24
1505	21
1506	30
1507	17
1508	21
1509	32
151	67
1510	20
1511	15
1512	18
1513	14
1514	23
1515	35
1516	19
1517	20
1518	21
1519	9
152	89
1520	20
1521	28
1522	50
1523	30
1524	22
1525	27
1526	15
1527	12
1528	10
1529	18
153	47
1530	24
1531	10
1532	32
1533	11
1534	20
1535	31
1536	25
1537	15
1538	31
1539	11
154	28
1540	17
1541	18
1542	22
1543	17
1544	7
1545	19
1546	41
1547	16
1548	26
1549	11
155	19
1550	15
1551	22
1552	11
1553	39
1554	17
1555	21
1556	26
1557	18
1558	38
1559	23
156	16
1560	38
1561	37
1562	32
1563	32
1564	22
1565	16
1566	13
1567	18
1568	16
1569	6
157	16
1570	10
1571	23
1572	14
1573	19
1574	12
1575	24
1576	3
1577	25
1578	13
1579	27
158	25
1580	8
1581	29
1582	21
1583	17
1584	15
1585	12
1586	2
1587	24
1588	43
1589	12
159	16
1590	25
1591	5
1592	6
1593	30
1594	12
1595	39
1596	10
1597	26
1598	24
1599	8
16	29
160	19
1600	10
1601	23
1602	32
1603	12
1604	23
1605	35
1606	14
1607	26
1608	15
1609	13
161	22
1610	16
1611	33
1612	13
1613	11
1614	14
1615	6
1616	11
1617	10
1618	29
1619	8
162	54
1620	9
1621	11
1622	21
1623	13
1624	23
1625	15
1626	38
1627	6
1628	20
1629	22
163	46
1630	11
1631	42
1632	17
1633	18
1634	28
1635	17
1636	20
1637	12
1638	14
1639	14
164	29
1640	13
1641	7
1642	14
1643	11
1644	12
1645	8
1646	11
1647	62
1648	13
1649	10
165	22
1650	13
1651	32
1652	7
1653	17
1654	32
1655	56
1656	12
1657	11
1658	8
1659	21
166	35
1660	17
1661	11
1662	15
1663	22
1664	49
1665	12
1666	2
1667	14
1668	9
1669	9
167	14
1670	10
1671	9
1672	15
1673	33
1674	7
1675	44
1676	24
1677	49
1678	17
1679	13
168	15
1680	20
1681	25
1682	25
1683	11
1684	22
1685	16
1686	23
1687	20
1688	17
1689	8
169	22
1690	29
1691	11
1692	11
1693	26
1694	12
1695	14
1696	17
1697	10
1698	19
1699	2
17	10
170	14
1700	15
1701	18
1702	14
1703	16
1704	27
1705	15
1706	24
1707	40
1708	6
1709	19
171	24
1710	17
1711	12
1712	9
1713	10
1714	13
1715	19
1716	14
1717	15
1718	30
1719	20
172	14
1720	13
1721	26
1722	21
1723	8
1724	7
1725	18
1726	6
1727	22
1728	14
1729	28
173	18
1730	35
1731	38
1732	23
1733	9
1734	27
1735	25
1736	15
1737	11
1738	17
1739	19
174	18
1740	11
1741	17
1742	13
1743	19
1744	15
1745	12
1746	24
1747	14
1748	20
1749	4
175	11
1750	19
1751	37
1752	3
1753	10
1754	10
1755	15
1756	12
1757	16
1758	10
1759	44
176	16
1760	9
1761	15
1762	7
1763	24
1764	2
1765	20
1766	16
1767	6
1768	30
1769	21
177	12
1770	23
1771	7
1772	18
1773	13
1774	18
1775	21
1776	16
1777	15
1778	43
1779	23
178	16
1780	12
1781	12
1782	22
1783	23
1784	22
1785	10
1786	20
1787	15
1788	15
1789	21
179	22
1790	26
1791	1
1792	9
1793	12
1794	12
1795	10
1796	9
1797	14
1798	6
1799	7
18	19
180	24
1800	31
1801	21
1802	13
1803	21
1804	19
1805	6
1806	10
1807	26
1808	2
1809	10
181	19
1810	9
1811	30
1812	13
1813	6
1814	11
1815	17
1816	3
1817	9
1818	15
1819	12
182	32
1820	22
1821	12
1822	14
1823	17
1824	16
1825	7
1826	7
1827	13
1828	10
1829	33
183	18
1830	29
1831	14
1832	14
1833	16
1834	9
1835	14
1836	9
1837	1
1838	13
1839	15
184	12
1840	12
1841	9
1842	11
1843	7
1844	16
1845	20
1846	12
1847	11
1848	15
1849	18
185	19
1850	21
1851	22
1852	15
1853	18
1854	12
1855	12
1856	14
1857	17
1858	5
1859	12
186	36
1860	16
1861	15
1862	8
1863	11
1864	16
1865	26
1866	16
1867	7
1868	10
1869	8
187	30
1870	9
1871	7
1872	5
1873	10
1874	16
1875	7
1876	37
1877	24
1878	5
1879	12
188	43
1880	53
1881	13
1882	8
1883	32
1884	33
1885	13
1886	13
1887	20
1888	14
1889	12
189	22
1890	14
1891	17
1892	21
1893	5
1894	3
1895	12
1896	23
1897	11
1898	16
1899	9
19	22
190	28
1900	15
1901	2
1902	21
1903	17
1904	27
1905	11
1906	18
1907	30
1908	11
1909	19
191	29
1910	12
1911	18
1912	27
1913	22
1914	49
1915	24
1916	23
1917	38
1918	35
1919	58
192	33
1920	37
1921	38
1922	22
1923	19
1924	27
1925	25
1926	28
1927	27
1928	31
1929	31
193	27
1930	22
1931	28
1932	18
1933	41
1934	40
1935	11
1936	5
1937	11
1938	15
1939	4
194	27
1940	26
1941	19
1942	22
1943	12
1944	22
1945	17
1946	21
1947	35
1948	23
1949	22
195	15
1950	26
1951	29
1952	16
1953	36
1954	23
1955	20
1956	18
1957	22
1958	17
1959	31
196	18
1960	20
1961	42
1962	28
1963	22
1964	25
1965	24
1966	39
1967	13
1968	17
1969	40
197	32
1970	7
1971	5
1972	9
1973	2
1974	1
1975	9
1976	9
1977	12
1978	7
1979	5
198	29
1980	18
1981	7
1982	3
1983	7
1984	9
1985	3
1986	15
1987	8
1988	9
1989	18
199	30
1990	9
1991	10
1992	7
1993	8
1994	26
1995	3
1996	16
1997	3
1998	8
1999	13
2	31
20	118
200	16
2000	5
2001	10
2002	19
2003	48
2004	14
2005	5
2006	7
2007	13
2008	7
2009	16
201	75
2010	9
2011	37
2012	12
2013	18
2014	18
2015	18
2016	12
2017	5
2018	6
2019	15
202	19
2020	6
2021	18
2022	7
2023	16
2024	19
2025	31
2026	47
2027	16
2028	30
2029	47
203	41
2030	36
2031	32
2032	27
2033	18
2034	19
2035	19
2036	26
2037	14
2038	19
2039	18
204	29
2040	18
2041	13
2042	13
2043	24
2044	24
2045	32
2046	20
2047	15
2048	13
2049	13
205	20
2050	13
2051	11
2052	13
2053	7
2054	3
2055	17
2056	10
2057	5
2058	17
2059	12
206	62
2060	13
2061	12
2062	9
2063	7
2064	42
2065	68
2066	7
2067	29
2068	6
2069	5
207	64
2070	6
2071	7
2072	18
2073	16
2074	6
2075	5
2076	13
2077	20
2078	45
2079	33
208	28
2080	16
2081	8
2082	30
2083	11
2084	5
2085	4
2086	11
2087	18
2088	2
2089	10
209	33
2090	10
2091	13
2092	4
2093	6
2094	15
2095	10
2096	12
2097	5
2098	17
2099	11
21	25
210	47
2100	5
2101	5
2102	4
2103	9
2104	5
2105	5
2106	4
2107	14
2108	10
2109	7
211	24
2110	9
2111	10
2112	1
2113	6
2114	14
2115	5
2116	3
2117	12
2118	12
2119	18
212	51
2120	16
2121	14
2122	17
2123	31
2124	14
2125	22
2126	26
2127	13
2128	49
2129	11
213	20
2130	28
2131	20
2132	24
2133	19
2134	19
2135	16
2136	19
2137	26
2138	21
2139	15
214	11
2140	13
2141	14
2142	22
2143	11
2144	12
2145	8
2146	18
2147	43
2148	2
2149	20
215	47
2150	7
2151	17
2152	2
2153	4
2154	7
2155	29
2156	6
2157	9
2158	25
2159	7
216	25
2160	25
2161	42
2162	59
2163	30
2164	25
2165	9
2166	13
2167	17
2168	23
2169	21
217	23
2170	11
2171	27
2172	10
2173	15
2174	27
2175	53
2176	14
2177	10
2178	38
2179	13
218	35
2180	17
2181	7
2182	13
2183	12
2184	17
2185	18
2186	13
2187	16
2188	32
2189	44
219	31
2190	10
2191	12
2192	5
2193	6
2194	5
2195	6
2196	8
2197	12
2198	2
2199	3
22	20
220	62
2200	8
2201	5
2202	6
2203	18
2204	6
2205	10
2206	17
2207	8
2208	11
2209	8
221	43
2210	11
2211	3
2212	37
2213	4
2214	9
2215	5
2216	8
2217	10
2218	2
2219	6
222	20
2220	4
2221	17
2222	11
2223	16
2224	22
2225	15
2226	34
2227	12
2228	2
2229	5
223	17
2230	12
2231	18
2232	3
2233	4
2234	10
2235	4
2236	12
2237	3
2238	6
2239	5
224	27
2240	14
2241	5
2242	12
2243	10
2244	4
2245	6
2246	3
2247	6
2248	13
2249	8
225	35
2250	5
2251	12
2252	7
2253	12
2254	14
2255	7
2256	12
2257	4
2258	10
2259	1
226	21
2260	17
2261	24
2262	5
2263	8
2264	6
2265	9
2266	21
2267	18
2268	6
2269	6
227	40
2270	19
2271	9
2272	12
2273	11
2274	9
2275	15
2276	24
2277	5
2278	13
2279	4
228	27
2280	5
2281	3
2282	6
2283	3
2284	8
2285	17
2286	28
2287	2
2288	7
2289	12
229	43
2290	20
2291	22
2292	87
2293	1
2294	11
2295	3
2296	18
2297	19
2298	10
2299	14
23	73
230	19
2300	7
2301	15
2302	14
2303	13
2304	8
2305	16
2306	3
2307	6
2308	9
2309	23
231	19
2310	14
2311	2
2312	3
2313	11
2314	8
2315	32
2316	16
2317	13
2318	9
2319	6
232	22
2320	19
2321	16
2323	9
2324	8
2325	22
2327	1
2328	45
2329	12
233	44
2330	11
2331	11
2332	12
2333	13
2334	14
2335	34
2336	43
2337	13
2338	53
2339	16
234	27
2340	12
2341	42
2342	9
2343	2
2344	33
2345	35
2346	6
2347	5
2348	26
2349	20
235	16
2350	6
2351	8
2352	13
2353	21
2354	5
2355	9
2356	24
2357	32
2358	19
2359	12
236	25
2360	28
2361	23
2362	12
2363	16
2364	34
2366	2
2367	11
2368	22
2369	8
237	29
2370	11
2371	2
2372	19
2373	10
2374	34
2375	4
2376	29
2377	14
2378	1
2379	7
238	16
2380	22
2381	11
2382	5
2383	72
2384	8
2385	27
2386	18
2387	2
2388	12
2389	1
239	14
2390	12
2391	19
2392	11
2393	13
2394	8
2395	10
2396	61
2397	7
2398	8
2399	19
24	30
240	15
2400	12
2401	10
2402	12
2403	15
2404	8
2405	8
2406	28
2407	15
2408	7
2409	11
241	35
2410	35
2411	36
2412	11
2413	15
2414	14
2415	10
2416	7
2417	4
2418	27
2419	5
242	27
2420	12
2421	4
2422	8
2423	36
2424	17
2425	13
2426	10
2427	17
2428	20
2429	9
243	13
2430	25
2431	13
2432	1
2433	13
2434	11
2435	8
2436	16
2437	8
2438	7
2439	18
244	21
2440	12
2441	7
2442	44
2443	15
2444	43
2445	21
2446	18
2447	12
2448	7
2449	17
245	51
2450	31
2451	13
2452	6
2453	14
2454	20
2455	8
2456	10
2457	8
2458	16
2459	17
246	24
2460	18
2461	11
2462	24
2463	14
2464	6
2465	4
2466	8
2467	17
2468	9
2469	10
247	17
2470	11
2471	16
2472	27
2473	17
2474	14
2475	25
2476	5
2477	8
2478	7
2479	11
248	27
2480	19
2481	8
2482	15
2483	4
2484	3
2485	11
2486	14
2487	8
2488	10
2489	19
249	22
2490	6
2491	80
2492	19
2493	3
2494	5
2495	9
2496	12
2498	16
2499	19
25	105
250	30
2500	7
2501	1
2502	8
2503	8
2504	15
2505	5
2506	16
2507	12
2508	6
2509	6
251	20
2510	10
2511	6
2512	11
2513	22
2514	2
2515	4
2516	9
2517	70
2518	6
2519	3
252	35
2520	4
2521	39
2522	1
2523	6
2524	17
2525	5
2526	9
2527	2
2528	11
2529	16
253	20
2530	14
2531	3
2532	4
2533	11
2534	37
2535	7
2536	23
2537	18
2538	25
2539	17
254	19
2540	2
2541	3
2542	15
2543	13
2544	2
2545	4
2546	4
2547	5
2548	5
2549	3
255	37
2550	3
2551	19
2552	10
2553	3
2554	12
2555	25
2556	14
2557	1
2558	11
2559	9
256	8
2560	5
2561	1
2562	2
2563	2
2564	7
2565	1
2566	9
2567	32
2568	14
2569	8
257	24
2570	3
2571	5
2572	11
2573	3
2574	12
2575	30
2576	11
2577	14
2578	6
2579	2
258	33
2580	3
2581	8
2582	5
2583	1
2584	4
2585	6
2586	9
2587	5
2588	9
2589	3
259	14
2590	1
2591	5
2592	5
2593	9
2594	10
2596	7
2597	28
2598	3
2599	8
26	48
260	48
2600	27
2601	9
2602	43
2603	12
2604	7
2605	14
2606	9
2607	34
2608	6
2609	22
261	16
2610	3
2611	6
2612	8
2613	4
2614	7
2615	7
2616	5
2617	4
2618	8
2619	4
262	33
2620	2
2621	4
2622	9
2623	12
2624	5
2625	3
2626	11
2627	12
2628	9
2629	2
263	29
2630	8
2631	18
2632	5
2633	1
2634	7
2635	5
2636	6
2637	12
2638	17
2639	11
264	18
2640	10
2641	7
2642	8
2643	9
2644	12
2645	16
2646	8
2647	1
2648	5
2649	18
265	22
2650	3
2651	2
2652	45
2653	4
2654	9
2655	9
2656	21
2657	5
2658	2
2659	3
266	45
2660	7
2661	3
2662	12
2663	4
2664	10
2665	51
2666	2
2667	4
2668	1
2669	24
267	50
2670	12
2671	18
2672	4
2673	12
2674	6
2675	33
2676	5
2677	14
2678	13
2679	11
268	22
2680	4
2681	5
2682	17
2683	11
2684	10
2685	16
2686	11
2687	1
2688	7
2689	9
269	34
2690	8
2691	4
2692	24
2693	16
2694	9
2695	18
2696	10
2697	2
2698	20
2699	15
27	28
270	12
2700	6
2701	16
2702	6
2703	7
2704	27
2705	16
2706	14
2707	15
2708	14
2709	10
271	28
2710	10
2711	30
2712	4
2713	3
2714	3
2715	14
2716	5
2717	5
2718	18
2719	14
272	21
2720	32
2721	15
2722	9
2723	5
2724	5
2725	31
2726	25
2727	15
2728	11
2729	6
273	24
2730	8
2731	24
2732	2
2733	20
2734	15
2735	42
2736	16
2737	58
2738	6
2739	18
274	39
2740	11
2741	12
2742	11
2743	17
2744	21
2745	23
2746	6
2747	19
2748	12
2749	18
275	30
2750	28
2751	36
2752	22
2753	29
2754	10
2755	10
2756	29
2757	8
2758	32
2759	47
276	25
2760	22
2761	15
2762	20
2763	45
2764	41
2765	17
2766	6
2767	11
2768	21
2769	5
277	67
2770	8
2771	9
2772	12
2773	2
2774	59
2775	14
2776	6
2777	7
2778	62
2779	4
278	21
2780	13
2781	21
2782	12
2783	13
2784	8
2785	19
2786	20
2787	9
2788	3
2789	15
279	36
2790	65
2791	16
2792	8
2793	10
2794	9
2796	12
2797	11
2798	14
2799	9
28	34
280	36
2800	3
2801	10
2802	10
2803	2
2804	10
2805	6
2806	2
2807	12
2808	7
2809	12
281	45
2810	12
2811	7
2812	11
2813	1
2814	7
2815	13
2816	15
2817	13
2818	8
2819	9
282	28
2820	3
2821	26
2822	7
2823	19
2824	2
2825	29
2826	16
2827	7
2828	14
2829	9
283	39
2830	14
2831	1
2832	18
2833	8
2834	13
2835	22
2836	9
2837	4
2838	6
2839	9
284	27
2840	15
2841	16
2842	15
2843	12
2844	7
2845	12
2846	15
2847	9
2848	16
2849	20
285	16
2850	23
2851	12
2852	11
2853	21
2854	16
2855	12
2856	11
2857	8
2858	8
2859	14
286	22
2860	12
2861	18
2862	12
2863	4
2864	44
2865	2
2866	16
2867	7
2868	6
2869	10
287	32
2870	5
2871	13
2872	3
2873	4
2874	26
2875	12
2876	11
2877	34
2878	4
2879	10
288	30
2880	6
2881	5
2882	31
2883	3
2884	14
2885	2
2886	15
2887	8
2888	3
2889	13
289	24
2890	22
2891	4
2892	6
2893	15
2894	15
2895	11
2896	16
2897	5
2898	10
2899	10
29	46
290	17
2900	7
2901	16
2902	22
2903	26
2904	30
2905	3
2906	6
2907	10
2908	8
2909	12
291	23
2910	6
2911	8
2912	11
2913	2
2914	19
2915	7
2916	10
2917	4
2918	16
2919	14
292	18
2920	20
2921	3
2922	11
2923	10
2924	5
2925	12
2926	8
2927	5
2928	7
2929	9
293	9
2930	8
2931	16
2932	12
2933	14
2934	2
2935	4
2936	2
2937	6
2938	12
2939	1
294	18
2940	7
2941	3
2942	10
2943	55
2944	4
2945	21
2946	11
2947	37
2948	4
2949	17
295	16
2950	17
2951	8
2952	8
2953	10
2954	2
2955	17
2956	46
2957	15
2958	7
2959	31
296	11
2961	7
2962	7
2963	5
2964	4
2965	6
2966	7
2967	7
2968	14
2969	7
297	21
2970	8
2971	4
2972	7
2973	9
2974	4
2975	13
2976	2
2977	10
2978	15
2979	5
298	18
2980	8
2981	5
2982	19
2983	5
2984	23
2985	15
2986	10
2987	35
2988	43
2989	7
299	26
2990	11
2991	9
2992	2
2993	9
2994	7
2995	9
2996	53
2997	8
2998	1
2999	2
3	50
30	107
300	58
3000	3
3001	1
3002	20
3003	1
3004	56
3005	32
3006	10
3007	8
3008	3
3009	8
301	34
3010	10
3011	10
3012	13
3013	6
3014	10
3015	14
3016	12
3017	6
3018	4
3019	17
302	26
3020	15
3021	12
3022	10
3023	5
3024	3
3025	6
3026	3
3027	11
3028	13
3029	5
303	29
3030	5
3031	2
3032	3
3034	20
3035	9
3036	35
3037	18
3038	13
3039	22
304	27
3040	19
3041	7
3042	12
3043	15
3044	6
3045	3
3046	6
3047	13
3048	5
3049	4
305	41
3050	11
3051	5
3052	25
3053	14
3054	1
3055	17
3056	13
3057	7
3058	17
3059	16
306	26
3060	8
3061	20
3062	14
3063	11
3064	29
3065	29
3066	7
3067	15
3068	18
3069	6
307	28
3070	22
3071	12
3072	21
3073	10
3074	29
3075	2
3076	3
3077	13
3078	16
3079	4
308	14
3080	8
3081	14
3082	18
3083	17
3084	14
3085	20
3086	17
3087	15
3088	13
3089	15
309	43
3090	10
3091	10
3092	14
3093	11
3094	15
3095	8
3096	14
3097	16
3098	25
3099	22
31	87
310	41
3100	4
3101	5
3102	6
3103	5
3104	16
3105	10
3106	18
3107	8
3108	9
3109	6
311	31
3110	5
3111	11
3112	7
3113	4
3114	15
3115	8
3116	4
3117	6
3118	14
3119	22
312	36
3120	12
3121	3
3122	2
3123	6
3124	13
3125	10
3126	31
3127	49
3128	8
3129	5
313	23
3130	5
3131	17
3132	5
3133	8
3134	10
3135	3
3136	5
3137	14
3138	6
3139	9
314	27
3140	7
3141	15
3142	30
3143	13
3144	9
3145	23
3146	13
3147	8
3148	5
3149	1
315	40
3150	5
3151	7
3152	14
3153	14
3154	16
3155	12
3156	13
3157	7
3158	10
3159	14
316	44
3160	8
3161	10
3162	14
3163	9
3164	4
3165	14
3166	22
3167	7
3168	7
3169	13
317	40
3170	10
3171	14
3172	23
3173	20
3174	13
3175	26
3176	10
3177	8
3178	16
3179	17
318	31
3180	29
3181	10
3182	17
3183	11
3184	25
3185	35
3186	10
3187	13
3188	8
3189	16
319	25
3190	6
3191	8
3192	8
3193	14
3194	18
3195	6
3196	3
3197	9
3198	11
3199	4
32	55
320	19
3200	20
3201	15
3202	23
3203	20
3204	14
3205	12
3206	13
3207	15
3208	26
3209	45
321	55
3210	22
3211	14
3212	11
3213	10
3214	18
3215	19
3216	72
3217	10
3218	9
3219	18
322	43
3220	14
3221	8
3222	10
3223	25
3224	9
3225	12
3226	17
3227	20
3228	11
3229	16
323	21
3230	23
3231	15
3232	43
3233	4
3234	13
3235	19
3236	14
3237	7
3238	18
3239	13
324	16
3240	7
3241	6
3242	27
3243	33
3244	12
3245	6
3246	17
3247	19
3248	22
3249	13
325	48
3250	17
3251	4
3252	12
3253	38
3254	9
3255	20
3256	9
3257	11
3258	17
3259	18
326	9
3260	25
3261	38
3262	24
3263	19
3264	14
3265	11
3266	18
3267	13
3268	12
3269	6
327	33
3270	23
3271	17
3272	40
3273	13
3274	15
3275	37
3276	15
3277	5
3278	19
3279	13
328	28
3280	20
3281	22
3282	15
3283	11
3284	2
3285	7
3286	7
3287	12
3288	4
3289	11
329	33
3290	3
3291	17
3292	16
3293	8
3294	6
3295	3
3296	3
3297	5
3298	7
3299	13
33	45
330	38
3300	14
3301	9
3303	5
3304	6
3305	8
3306	6
3307	4
3308	6
3309	8
331	47
3310	6
3311	15
3312	11
3313	17
3314	2
3315	2
3316	1
3317	1
3319	6
332	51
3320	10
3321	8
3322	4
3323	5
3324	9
3325	1
333	50
3332	7
3333	24
3334	25
3338	7
3339	6
334	39
3340	9
3341	10
3342	14
3343	14
3345	1
3347	7
3348	10
3349	7
335	36
3350	10
3351	6
3352	10
3353	10
3354	8
3355	11
3356	8
3357	8
3358	14
3359	12
336	45
3360	8
3361	7
3362	8
3363	3
3364	13
3365	10
3366	9
3367	5
3368	11
3369	9
337	51
3370	5
3371	5
3372	5
3373	7
3374	3
3375	2
3376	4
3377	3
3378	7
338	17
3381	13
3382	12
3383	5
3384	8
3385	2
3386	5
3387	7
3388	6
3389	5
339	19
3390	4
3391	5
3392	12
3393	10
3394	11
3395	10
3396	6
3397	7
3398	15
3399	12
34	23
340	25
3400	2
3401	3
3402	15
3403	17
3404	6
3405	4
3406	5
3407	6
341	56
3410	2
3411	4
3412	5
3413	5
3414	5
3415	6
3416	6
3417	6
3418	7
3419	8
342	40
3420	16
3421	13
3422	13
3423	10
3424	5
3425	5
3426	7
3427	6
3428	17
3429	15
343	53
3430	24
3431	22
3432	6
3433	15
3434	17
3435	13
3436	18
3437	9
3438	9
3439	8
344	19
3440	4
3441	12
3442	6
3443	8
3444	5
3445	9
3446	11
3447	5
3448	4
3449	1
345	49
3450	1
3451	1
3452	13
3453	5
3454	11
3455	7
3456	2
3457	4
3458	12
3459	2
346	63
3460	4
3461	12
3462	11
3463	7
3464	2
3465	6
3466	7
3467	3
3469	12
347	32
3470	13
3471	10
3472	6
3473	5
3474	13
3475	12
3476	9
3477	6
3478	9
3479	17
348	50
3480	11
3481	3
3482	5
3483	6
3484	7
3485	4
3486	10
3487	7
3488	14
3489	15
349	45
3490	15
3491	10
3492	10
3493	11
3494	12
3495	6
3496	1
3497	4
3498	1
3499	6
35	34
350	44
3500	7
3501	8
3502	8
3503	5
3505	10
3506	9
3507	14
3508	16
3509	11
351	39
3510	3
3511	10
3512	7
3513	8
3514	10
3515	5
3516	9
3517	6
3518	6
3519	9
352	27
3520	15
3521	7
3522	7
3523	12
3524	19
3525	15
3526	14
3527	13
3528	16
3529	15
353	70
3530	4
3531	12
3532	12
3533	9
3534	7
3535	15
3536	5
3537	8
3538	11
3539	8
354	36
3540	11
3541	12
3542	18
3543	4
3544	19
3545	19
3546	9
3547	8
3548	3
3549	4
355	39
3550	2
3551	7
3552	6
3553	11
3554	10
3555	13
3556	16
3557	9
3558	10
3559	7
356	15
3560	5
3561	8
3562	12
3563	9
3564	8
3565	23
3566	24
3567	6
3568	7
3569	7
357	60
3570	8
3571	9
3572	6
3573	7
3574	8
3575	24
3576	8
3577	3
3578	18
3579	13
358	36
3580	20
3581	6
3582	15
3583	15
3584	22
3585	4
3586	6
3587	3
3588	6
3589	3
359	64
3590	16
3591	9
3592	14
3593	11
3596	8
3597	5
3598	10
3599	5
36	28
360	52
3600	12
3601	10
3602	11
3603	15
3604	6
3605	8
3606	9
3607	7
3608	10
3609	9
361	26
3610	7
3611	7
3612	10
3613	11
3614	12
3615	9
3617	4
3618	10
3619	6
362	51
3620	7
3621	5
3622	12
3623	12
3624	7
3625	7
3626	11
3627	10
3628	12
3629	10
363	27
3630	15
3631	5
3632	11
3633	9
3634	9
3635	21
3636	12
3637	13
3638	11
3639	12
364	39
3640	10
3641	11
3642	9
3643	3
3644	9
3645	4
3646	9
3647	2
3648	8
3649	7
365	42
3650	18
3651	7
3652	12
3653	11
3654	3
3657	12
3658	14
3659	2
366	48
3660	8
3661	7
3662	12
3663	10
3664	14
3665	12
3667	13
3668	16
3669	6
367	21
3670	18
3671	15
3672	3
3673	14
3674	20
3675	5
3676	10
3677	19
3678	8
3679	1
368	52
3680	7
3681	14
3682	20
3683	23
3684	6
3685	26
3686	33
3687	22
3688	15
3689	15
369	37
3690	9
3691	14
3692	11
3693	11
3694	15
3695	24
3696	15
3697	7
3698	15
3699	21
37	44
370	63
3700	7
3701	9
3702	10
3703	11
3704	12
3705	10
3706	16
3707	10
3708	15
3709	25
371	25
3710	9
3711	12
3712	15
3713	7
3714	13
3715	20
3716	14
3717	7
3718	13
3719	11
372	44
3720	14
3721	5
3722	16
3723	15
3724	12
3725	6
3726	4
3727	3
3728	21
3729	16
373	61
3730	11
3731	19
3732	3
3733	7
3734	9
3735	8
3736	17
3737	2
3738	5
3739	3
374	52
3740	5
3741	8
3742	10
3743	7
3744	12
3745	7
3746	20
3747	14
3748	2
3749	16
375	52
3750	6
3751	8
3752	7
3753	10
3754	15
3755	18
3756	12
3757	19
3758	4
3759	9
376	44
3760	15
3761	19
3762	16
3763	23
3764	26
3765	6
3766	4
3767	8
3768	18
3769	15
377	43
3770	15
3771	1
3772	14
3773	7
3774	9
3775	3
3776	16
3777	11
3778	9
378	49
3780	5
3781	3
3782	9
3783	1
3784	9
3785	18
3786	2
3787	18
3788	11
3789	13
379	37
3790	10
3791	14
3792	14
3793	9
3794	8
3795	1
3796	5
3797	17
3798	16
3799	10
38	27
380	30
3800	1
3801	6
3802	10
3803	12
3804	2
3805	1
3806	15
3807	10
3808	9
3809	8
381	30
3810	11
3811	9
3812	3
3813	17
3814	14
3815	10
3816	18
3817	20
3818	2
3819	2
382	63
3820	12
3821	17
3822	1
3823	9
3824	6
3825	12
3826	8
3827	16
3828	10
3829	7
383	24
3830	7
3831	9
3832	14
3833	10
3834	11
3835	10
3836	7
3837	9
3838	9
3839	3
384	23
3840	6
3841	6
3842	16
3843	11
3845	1
3846	12
3847	13
3848	9
3849	6
385	35
3850	15
3851	10
3852	3
3853	8
3854	11
3855	10
3856	9
3857	11
3858	11
3859	12
386	49
3860	16
3861	7
3862	16
3863	9
3864	15
3865	13
3866	32
3867	30
3868	15
3869	15
387	27
3870	3
3871	9
3872	7
3873	6
3874	14
3875	11
3876	8
3877	6
3878	7
3879	4
388	25
3880	16
3881	8
3882	3
3883	1
3884	24
3885	25
3886	14
3887	17
3888	12
3889	12
389	50
3890	9
3891	5
3892	17
3893	17
3894	3
3895	5
3896	3
3897	1
3898	4
3899	3
39	29
390	35
3900	9
3901	3
3902	8
3903	20
3904	34
3905	16
3906	23
3907	20
3908	18
3909	23
391	34
3910	8
3912	10
3913	14
3914	18
3915	12
3916	15
3917	12
3918	10
3919	5
392	44
3920	3
3921	8
3922	20
3923	29
3924	11
3925	17
3926	20
3927	20
3928	22
3929	12
393	40
3930	25
3931	31
3932	27
3933	20
3934	13
3935	10
3936	36
3937	12
3938	22
3939	24
394	38
3940	20
3941	15
3942	14
3943	23
3944	20
3945	20
3946	21
3947	34
3948	41
3949	21
395	43
3950	13
3951	12
3952	23
3953	34
3954	8
3955	20
3956	38
3957	25
3958	11
3959	9
396	33
3960	27
3961	22
3962	19
3963	14
3964	18
3965	37
3966	17
3967	25
3968	9
3969	24
397	25
3970	15
3971	8
3972	21
3973	20
3974	19
3975	14
3976	17
3977	14
3978	14
3979	7
398	36
3980	13
3981	24
3982	30
3983	12
3984	6
3985	25
3986	13
3987	12
3988	31
3989	22
399	32
3990	14
3991	20
3992	14
3993	8
3994	9
3995	11
3996	19
3997	21
3998	7
3999	9
4	38
40	36
400	45
4000	1
4001	13
4002	11
4003	20
4004	11
4005	16
4006	21
4007	33
4008	20
4009	24
401	24
4010	14
4011	27
4012	34
4013	28
4014	16
4015	7
4016	12
4017	22
4018	4
4019	12
402	46
4020	12
4021	14
4022	9
4023	18
4024	12
4025	9
4026	13
4027	18
4028	23
4029	11
403	57
4030	16
4031	13
4032	14
4033	18
4034	2
4035	15
4036	16
4037	17
4038	19
4039	7
404	27
4040	17
4041	15
4042	16
4043	31
4044	9
4045	19
4046	6
4047	22
4048	25
4049	31
405	27
4050	17
4051	1
4052	19
4053	17
4054	16
4055	11
4056	9
4057	20
4058	19
4059	11
406	39
4060	11
4061	11
4062	11
4063	12
4064	32
4065	16
4066	28
4067	3
4068	18
4069	21
407	36
4070	5
4071	8
4072	14
4073	9
4074	23
4075	39
4076	17
4077	13
4078	9
4079	14
408	50
4080	19
4081	26
4082	21
4083	12
4084	21
4085	37
4086	41
4087	55
4088	38
4089	40
409	31
4090	18
4091	28
4092	22
4093	37
4094	32
4095	46
4096	36
4097	5
4098	32
4099	27
41	59
410	28
4100	24
4101	21
4102	24
4103	54
4104	56
4105	28
4106	20
4107	38
4108	40
4109	19
411	22
4110	35
4111	17
4112	23
4113	26
4114	34
4115	13
4116	8
4117	21
4118	13
4119	35
412	48
4120	36
4121	25
4122	27
4123	14
4124	46
4125	16
4126	15
4127	26
4128	23
4129	38
413	20
4130	45
4131	21
4132	18
4133	34
4134	36
4135	38
4136	28
4137	16
4138	34
4139	28
414	37
4140	11
4141	29
4142	58
4143	32
4144	31
4145	15
4146	33
4147	18
4148	25
4149	21
415	25
4150	22
4151	20
4152	15
4153	24
4154	13
4155	13
4156	26
4157	39
4158	20
4159	28
416	22
4160	17
4161	41
4162	16
4163	26
4164	11
4165	12
4166	24
4167	31
4168	24
4169	17
417	39
4170	20
4171	16
4172	31
4173	31
4174	26
4175	19
4176	22
4177	24
4178	27
4179	24
418	50
4180	8
4181	27
4182	5
4183	23
4184	21
4185	27
4186	10
4187	15
4188	20
4189	26
419	43
4190	19
4191	4
4192	20
4193	25
4194	18
4195	7
4196	12
4197	15
4198	53
4199	9
42	57
420	33
4200	28
4201	12
4202	41
4203	28
4204	35
4205	45
4206	26
4207	59
4208	26
4209	38
421	34
4210	15
4211	23
4212	34
4213	16
4214	21
4215	27
4216	18
4217	30
4218	42
4219	28
422	42
4220	23
4221	18
4222	14
4223	12
4224	27
4225	52
4226	33
4227	38
4228	50
4229	28
423	23
4230	17
4231	58
4232	20
4233	18
4234	24
4235	20
4236	21
4237	21
4238	35
4239	18
424	42
4240	54
4241	37
4242	20
4243	41
4244	9
4245	41
4246	40
4247	42
4248	44
4249	37
425	55
4250	32
4251	28
4252	30
4253	14
4254	22
4255	13
4256	19
4257	27
4258	15
4259	42
426	26
4260	28
4261	28
4262	12
4263	28
4264	43
4265	12
4266	30
4267	31
4268	33
4269	33
427	24
4270	22
4271	23
4272	16
4273	11
4274	24
4275	27
4276	26
4277	29
4278	22
4279	40
428	44
4280	37
4281	18
4282	27
4283	19
4284	43
4285	38
4286	34
4287	22
4288	19
4289	37
429	25
4290	27
4291	22
4292	25
4293	28
4294	33
4295	56
4296	53
4297	21
4298	13
4299	17
43	34
430	50
4300	9
4301	18
4302	13
4303	21
4304	10
4305	19
4306	37
4307	13
4308	10
4309	15
431	37
4310	16
4311	20
4312	20
4313	46
4314	47
4315	22
4316	22
4317	25
4318	28
4319	31
432	21
4320	34
4321	19
4322	28
4323	60
4324	26
4325	39
4326	33
4327	32
4328	17
4329	36
433	30
4330	26
4331	47
4332	26
4333	32
4334	27
4335	13
4336	37
4337	32
4338	34
4339	27
434	28
4340	53
4341	30
4342	24
4343	12
4344	27
4345	19
4346	9
4347	16
4348	15
4349	19
435	30
4350	6
4351	16
4352	25
4353	48
4354	27
4355	20
4356	22
4357	4
4358	40
4359	10
436	34
4360	16
4361	17
4362	35
4363	27
4364	39
4365	21
4366	33
4367	33
4368	44
4369	13
437	39
4370	47
4371	17
4372	21
4373	22
4374	27
4375	14
4376	21
4377	21
4378	23
4379	19
438	41
4380	21
4381	33
4382	23
4383	9
4384	34
4385	9
4386	15
4387	34
4388	11
4389	30
439	41
4390	26
4391	48
4392	39
4393	20
4394	10
4395	16
4396	15
4397	35
4398	57
4399	14
44	35
440	28
4400	26
4401	12
4402	31
4403	9
4404	36
4405	24
4406	25
4407	12
4408	34
4409	20
441	37
4410	13
4411	16
4412	30
4413	29
4414	30
4415	27
4416	31
4417	20
4418	34
4419	42
442	30
4420	29
4421	21
4422	31
4423	39
4424	38
4425	38
4426	36
4427	13
4428	36
4429	33
443	35
4430	40
4431	36
4432	6
4433	9
4434	20
4435	56
4436	22
4437	26
4438	3
4439	2
444	7
4440	25
4441	19
4442	16
4443	32
4444	50
4445	53
4446	33
4447	38
4448	11
4449	19
445	35
4450	36
4451	34
4452	19
4453	19
4454	11
4455	14
4456	11
4457	24
4458	40
4459	14
446	40
4460	34
4461	23
4462	13
4463	22
4464	23
4465	14
4466	45
4467	10
4468	18
4469	9
447	44
4470	17
4471	15
4472	25
4473	18
4474	16
4475	29
4476	27
4477	10
4478	3
4479	14
448	31
4480	15
4481	13
4482	19
4483	19
4484	24
4485	14
4486	9
4487	3
4488	7
4489	24
449	16
4490	43
4491	14
4492	11
4493	19
4494	13
4495	20
4496	8
4497	34
4498	10
4499	7
45	44
450	42
4500	23
4501	17
4502	10
4503	23
4504	18
4505	18
4506	15
4507	9
4508	54
4509	57
451	33
4510	23
4511	58
4512	17
4513	55
4514	42
4515	21
4516	7
4517	8
4518	6
4519	9
452	35
4520	8
4521	7
4522	26
4523	27
4524	4
4525	1
4526	31
4527	4
4528	3
4529	3
453	26
4530	9
4531	24
4532	13
4533	16
4534	29
4535	36
4536	28
4537	12
4538	15
4539	3
454	45
4540	15
4541	18
4542	15
4543	17
4544	7
4545	4
4546	26
4547	12
4548	23
4549	6
455	28
4550	23
4551	14
4552	8
4553	6
4554	16
4555	33
4556	19
4557	4
4558	23
4559	17
456	18
4560	24
4561	19
4562	19
4563	4
4564	53
4565	15
4566	15
4567	20
4568	5
4569	6
457	47
4570	16
4571	22
4572	1
4573	28
4574	25
4575	1
4576	6
4577	27
4578	15
4579	24
458	46
4580	18
4581	4
4582	5
4583	14
4584	18
4585	20
4586	16
4587	16
4588	15
4589	10
459	26
4590	18
4591	28
4592	8
4593	18
4594	8
4595	15
4596	14
4597	12
4598	8
4599	26
46	55
460	29
4600	22
4601	3
4602	21
4603	18
4604	6
4605	5
4606	1
4607	8
4608	10
4609	22
461	30
4610	33
4611	17
4612	21
4613	6
4614	11
4616	23
4617	26
4618	17
4619	39
462	27
4620	10
4621	15
4622	10
4623	9
4624	7
4625	24
4626	48
4627	29
4628	30
4629	13
463	37
4630	20
4631	28
4632	7
4633	22
4635	22
4636	13
4637	1
4638	9
4639	47
464	21
4640	27
4641	9
4642	6
4643	5
4644	27
4645	17
4646	17
4647	22
4648	6
4649	32
465	61
4650	8
4651	20
4652	41
4653	29
4654	21
4655	11
4656	12
4657	5
4658	8
4659	45
466	56
4660	17
4661	5
4662	22
4663	10
4664	21
4665	10
4666	8
4667	15
4668	23
4669	29
467	40
4670	16
4671	8
4672	11
4673	4
4674	3
4675	10
4676	3
4677	17
4678	12
4679	23
468	34
4680	10
4681	30
4682	7
4683	8
4684	10
4685	7
4686	8
4688	11
4689	10
469	37
4690	9
4691	4
4692	11
4693	3
4694	6
4697	2
4698	23
4699	6
47	33
470	69
4700	21
4701	3
4702	11
4703	15
4704	3
4705	1
4706	20
4707	13
4708	12
4709	13
471	30
4710	9
4711	23
4712	19
4713	12
4714	14
4715	6
4716	34
4717	17
4718	8
4719	38
472	36
4720	37
4721	15
4722	9
4723	13
4724	27
4725	17
4726	16
4727	9
4728	13
4729	14
473	26
4730	23
4731	22
4732	26
4733	8
4734	24
4735	33
4736	41
4737	24
4738	1
4739	25
474	35
4740	10
4741	19
4742	9
4743	34
4744	4
4745	21
4746	6
4747	11
4748	26
4749	32
475	30
4750	12
4751	12
4752	10
4753	13
4754	28
4755	26
4756	22
4757	20
4759	3
476	51
4760	3
4761	20
4762	10
4763	11
4764	3
4765	9
4766	13
4767	11
4768	2
4769	4
477	38
4771	7
4772	13
4773	3
4774	2
4775	28
4776	12
4777	13
4778	13
4779	30
478	37
4780	24
4781	1
4782	25
4783	19
4784	16
4785	17
4786	17
4787	12
4788	25
4789	12
479	26
4790	19
4791	44
4792	33
4793	29
4794	46
4795	22
4796	11
4797	9
4798	17
4799	11
48	36
480	27
4800	14
4801	11
4802	17
4803	23
4804	8
4805	40
4806	16
4807	8
4808	17
4809	44
481	47
4810	25
4811	27
4812	17
4813	20
4814	11
4815	19
4816	33
4817	7
4818	20
4819	1
482	34
4820	29
4821	7
4822	3
4823	26
4824	3
4825	13
4826	13
4827	17
4828	17
4829	21
483	29
4830	9
4832	15
4833	1
4834	12
4836	4
4837	26
4838	21
4839	3
484	43
4840	9
4841	15
4842	7
4843	3
4844	21
4845	2
4846	2
4847	30
4848	3
4849	30
485	44
4850	1
4851	2
4853	5
4854	32
4855	31
4856	24
4857	12
4858	38
4859	21
486	28
4860	13
4861	35
4862	4
4863	12
4864	25
4865	8
4866	28
4867	7
4868	28
4869	11
487	39
4870	33
4871	21
4872	21
4873	13
4874	53
4875	56
4876	3
4877	12
4878	10
4879	26
488	27
4880	14
4881	10
4882	13
4883	30
4884	18
4885	51
4886	9
4887	24
4888	74
4889	19
489	57
4890	8
4891	33
4892	14
4893	25
4894	24
4895	19
4896	26
4897	30
4898	17
4899	18
49	32
490	36
4900	49
4901	28
4902	34
4903	32
4904	15
4905	16
4906	20
4907	4
4908	2
4909	18
491	39
4910	1
4912	17
4913	15
4914	21
4915	11
4916	15
4917	12
4918	34
4919	20
492	37
4921	7
4922	18
4923	4
4924	14
4925	3
4926	10
4927	2
4928	3
4929	5
493	37
4930	3
4931	2
4932	5
4933	6
4934	2
4935	4
4936	4
4937	4
4938	7
4939	11
494	34
4941	11
4942	5
4943	12
4944	8
4945	8
4946	3
4947	2
4948	25
4949	5
495	22
4950	3
4951	3
4952	6
4953	18
4954	23
4955	15
4956	12
4957	6
4958	8
4959	10
496	32
4960	3
4961	3
4962	5
4963	10
4964	11
4965	9
4966	11
4967	12
4968	7
4969	12
497	37
4970	3
4971	7
4972	3
4973	4
4974	9
4975	1
4976	3
4977	4
4978	10
4979	2
498	47
4980	4
4981	4
4982	3
4983	11
4984	15
4985	12
4987	1
4989	10
499	25
4990	14
4991	11
4992	5
4993	19
4994	11
4995	2
4996	16
4997	11
4998	5
4999	13
5	28
50	15
500	34
5000	2
5001	15
5002	13
5003	10
5004	22
5005	10
5006	9
5007	8
5008	28
5009	17
501	22
5010	14
5011	9
5012	14
5013	10
5014	12
5015	9
5016	15
5017	19
5018	9
5019	19
502	42
5020	9
5021	17
5022	7
5023	20
5024	16
5025	18
5026	12
5027	18
5028	6
5029	11
503	34
5030	24
5031	17
5032	18
5033	16
5034	11
5035	17
5036	18
5037	7
5038	26
5039	9
504	31
5040	36
5041	13
5042	16
5043	27
5044	10
5045	6
5046	13
5047	30
5048	22
5049	11
505	37
5050	13
5051	8
5052	28
5053	12
5054	20
5055	5
5056	20
5057	12
5058	10
5059	34
506	46
5060	8
5061	7
5062	12
5063	20
5064	23
5065	11
5066	26
5067	12
5068	26
5069	7
507	27
5070	18
5071	12
5072	15
5073	46
5074	30
5075	7
5076	25
5077	22
5078	13
5079	20
508	52
5080	17
5081	20
5082	12
5083	23
5084	13
5085	34
5086	25
5087	6
5088	8
5089	7
509	35
5090	11
5091	13
5092	14
5093	29
5094	17
5095	6
5096	15
5097	14
5098	21
5099	11
51	27
510	25
5100	8
5101	2
5102	6
5103	1
5104	6
5105	2
5106	5
5107	4
5108	4
5109	16
511	38
5110	8
5111	5
5112	3
5113	9
5114	6
5115	17
5116	5
5117	6
5118	2
5119	2
512	35
5120	7
5121	10
5122	18
5123	5
5124	10
5125	8
5126	9
5127	15
5128	15
5129	3
513	25
5130	10
5131	3
5132	25
5133	13
5134	20
5135	18
5136	9
5137	5
5138	24
5139	7
514	25
5140	9
5141	4
5142	2
5143	11
5144	6
5145	3
5146	4
5147	3
5148	1
5149	10
515	38
5150	1
5151	6
5152	6
5153	4
5154	7
5155	7
5156	10
5157	9
5158	9
5159	5
516	39
5160	5
5161	7
5162	23
5163	15
5164	10
5165	6
5166	40
5167	10
5168	11
5169	15
517	22
5170	3
5171	4
5172	5
5173	5
5174	11
5175	12
5176	10
5177	7
5178	7
5179	7
518	36
5180	5
5181	10
5182	2
5183	4
5184	3
5185	4
5186	7
5187	8
5188	3
5189	15
519	48
5190	7
5191	7
5192	12
5193	1
5194	5
5195	10
5196	3
5197	13
5198	13
5199	7
52	31
520	29
5200	7
5201	4
5202	10
5203	10
5204	7
5205	12
5206	12
5207	4
5208	3
5209	24
521	28
5210	3
5211	8
5212	14
5213	13
5214	19
5215	7
5216	6
5217	8
5218	6
5219	10
522	25
5220	13
5221	3
5222	14
5223	1
5224	6
5225	17
5226	13
5227	6
5228	3
5229	5
523	45
5230	7
5231	9
5232	16
5233	11
5234	2
5235	2
5236	3
5237	10
5238	9
5239	15
524	40
5240	6
5241	3
5242	10
5243	9
5244	25
5245	6
5246	13
5247	4
5248	14
5249	9
525	57
5250	3
5251	26
5252	4
5253	15
5254	8
5255	3
5256	7
5257	16
5258	7
5259	15
526	43
5260	9
5261	7
5262	1
5263	21
5264	5
5265	4
5266	41
5267	4
5268	28
5269	21
527	30
5270	18
5271	6
5273	22
5274	24
5275	10
5276	9
5277	4
5278	11
5279	13
528	49
5280	6
5281	7
5282	4
5283	33
5284	12
5285	16
5286	2
5287	2
5288	8
5289	5
529	70
5290	17
5291	2
5292	7
5293	29
5294	2
5295	7
5296	4
5297	18
5298	11
5299	5
53	13
530	58
5300	18
5301	2
5302	3
5303	9
5304	7
5305	6
5306	17
5307	2
5308	17
5309	2
531	52
5310	2
5311	3
5312	3
5313	2
5314	4
5315	3
5316	6
5317	20
5318	1
5319	6
532	66
5320	9
5321	6
5322	16
5323	8
5324	5
5325	1
5326	5
5327	4
5328	10
5329	7
533	59
5330	2
5331	5
5332	9
5333	29
5334	8
5335	1
5336	5
5337	5
5339	11
534	51
5340	19
5341	8
5342	11
5343	10
5344	8
5345	13
5346	16
5347	4
5348	24
5349	8
535	59
5350	34
5351	8
5352	23
5353	1
5354	14
5355	14
5356	5
5357	14
5358	4
5359	6
536	34
5360	3
5361	8
5362	1
5363	6
5364	10
5365	6
5366	2
5367	6
5368	8
5369	8
537	65
5370	18
5371	1
5372	5
5373	6
5374	4
5375	5
5376	14
5377	3
5378	29
5379	2
538	50
5380	8
5381	5
5382	5
5383	6
5384	3
5385	5
5386	5
5387	3
5388	6
5389	7
539	38
5390	7
5391	12
5392	3
5393	2
5394	36
5395	19
5396	4
5397	5
5398	5
5399	3
54	27
540	39
5400	6
5401	7
5402	5
5403	5
5404	9
5405	6
5406	9
5407	13
5408	6
5409	3
541	54
5410	6
5411	33
5412	10
5413	7
5414	10
5415	8
5416	15
5417	22
5418	7
5419	12
542	46
5420	5
5421	3
5422	8
5424	4
5425	9
5426	2
5427	11
5428	3
5429	9
543	34
5430	5
5431	4
5432	3
5433	1
5434	15
5435	4
5436	21
5437	8
5438	4
5439	5
544	34
5440	8
5441	26
5442	16
5443	9
5444	6
5445	4
5446	12
5447	17
5448	4
5449	3
545	56
5450	11
5451	4
5452	10
5453	3
5454	6
5455	4
5456	9
5457	17
5458	13
5459	2
546	41
5460	5
5461	6
5462	3
5463	20
5464	17
5465	11
5466	4
5467	6
5468	2
5469	32
547	34
5470	3
5471	22
5472	16
5473	12
5474	6
5475	16
5476	5
5477	17
5478	15
5479	16
548	28
5480	7
5481	2
5482	6
5483	7
5484	20
5485	5
5486	11
5487	24
5488	9
5489	23
549	26
5490	23
5491	6
5492	2
5493	6
5494	7
5495	16
5496	10
5497	10
5498	10
5499	4
55	26
550	14
5500	16
5501	6
5502	6
5503	15
5504	8
5505	6
5506	7
5507	23
5508	8
5509	9
551	25
5510	14
5511	7
5512	5
5513	14
5514	15
5515	30
5516	10
5517	23
5518	27
5519	20
552	85
5520	14
5521	16
5522	10
5523	13
5524	15
5525	7
5526	3
5527	5
5528	5
5529	2
553	27
5530	4
5531	12
5532	4
5533	6
5534	5
5535	9
5536	25
5537	2
5538	5
5539	1
554	45
5541	4
5542	12
5543	7
5544	1
5545	1
5546	25
5547	19
5548	15
5549	9
555	29
5550	6
5551	7
5552	1
5554	1
5555	8
5556	2
5557	2
5558	7
5559	7
556	22
5560	1
5561	12
5562	1
5563	10
5564	12
5565	1
5566	4
5567	4
5568	33
5569	2
557	21
5570	22
5571	11
5572	5
5573	42
5574	8
5575	4
5576	1
5577	10
5578	3
5579	11
558	40
5580	3
5581	7
5583	13
5584	30
5585	2
5586	8
5587	2
5588	1
5589	2
559	25
5590	19
5591	8
5592	4
5593	10
5594	21
5595	7
5597	2
5598	16
5599	14
56	20
560	50
5600	3
5601	1
5603	6
5604	10
5605	4
5606	15
5607	2
5608	10
5609	12
561	31
5610	15
5611	6
5612	9
5613	2
5614	12
5615	3
5616	1
5617	18
5618	5
5619	11
562	33
5620	4
5621	2
5622	1
5624	4
5625	2
5626	2
5627	1
5628	2
563	55
5631	3
5632	2
5633	3
5634	4
5635	5
5636	12
5637	2
5638	5
564	29
5640	9
5641	4
5642	8
5643	2
5644	3
5645	4
5646	4
5647	7
5648	8
565	37
5650	3
5651	2
5652	5
5653	5
5655	6
5656	4
5657	17
5658	1
5659	1
566	33
5660	11
5661	4
5662	2
5663	4
5664	4
5665	5
5666	5
5667	7
5668	9
5669	1
567	34
5670	6
5671	4
5672	6
5673	4
5674	2
5675	1
5676	5
5677	4
5678	22
5679	8
568	25
5680	21
5681	5
5682	2
5683	11
5684	10
5685	1
5686	2
5688	5
569	32
5690	8
5691	3
5692	7
5693	3
5694	16
5695	4
5696	4
5697	4
5698	2
5699	4
57	40
570	46
5700	6
5701	12
5702	9
5703	17
5704	12
5705	2
5706	9
5707	14
5708	7
5709	18
571	37
5710	7
5711	1
5712	10
5713	2
5715	11
5716	2
5718	49
5719	3
572	18
5720	33
5721	8
5722	5
5723	16
5724	10
5725	37
5727	8
5728	11
5729	2
573	32
5730	13
5731	3
5732	17
5733	8
5734	7
5735	6
5736	7
5737	26
5738	2
5739	6
574	48
5740	8
5741	74
5742	10
5743	5
5744	21
5745	3
5746	10
5747	8
5748	13
5749	5
575	35
5750	5
5751	10
5752	9
5753	1
5755	4
5756	20
5757	3
5758	6
5759	3
576	27
5760	7
5761	14
5762	13
5763	2
5764	5
5765	5
5766	2
5767	1
5768	3
5769	11
577	40
5770	2
5771	6
5772	14
5773	11
5774	17
5775	5
5776	2
5777	5
5778	10
5779	3
578	34
5780	6
5781	26
5782	6
5783	7
5784	22
5785	22
5786	4
5787	2
5788	25
5789	5
579	38
5790	25
5791	4
5792	10
5793	3
5794	6
5795	6
5797	5
5798	3
5799	3
58	42
580	55
5800	34
5801	5
5802	16
5803	20
5804	19
5805	28
5806	24
5807	17
5808	7
5809	12
581	34
5810	19
5811	11
5812	21
5814	9
5815	32
5816	13
5817	8
5818	12
5819	14
582	29
5820	13
5821	3
5822	10
5823	15
5824	9
5825	20
5826	16
5827	21
5828	26
5829	21
583	26
5830	33
5831	24
5832	33
5833	13
5834	15
5835	17
5836	25
5837	35
5838	9
5839	14
584	49
5840	18
5841	25
5842	7
5843	15
5844	13
5845	24
5846	21
5847	17
5848	9
5849	10
585	19
5850	10
5851	17
5852	8
5853	14
5854	2
5855	12
5856	8
5857	12
5858	23
5859	5
586	22
5860	20
5861	12
5862	12
5863	11
5864	18
5865	6
5866	9
5867	16
5868	9
5869	18
587	23
5870	20
5871	21
5872	12
5873	18
5874	17
5875	18
5876	12
5877	12
5878	9
5879	13
588	24
5880	11
5881	19
5882	2
5883	34
5884	5
5885	13
5886	16
5887	7
5888	8
5889	9
589	33
5890	14
5891	8
5892	13
5893	6
5894	7
5895	5
5896	8
5897	10
5898	26
5899	2
59	33
590	16
5900	5
5901	15
5902	4
5903	3
5904	5
5905	16
5906	6
5907	4
5908	2
5909	4
591	18
5910	6
5911	8
5912	5
5914	2
5915	5
5916	7
5917	7
5918	11
5919	5
592	24
5920	7
5921	3
5922	4
5923	3
5924	11
5925	1
5926	1
5927	1
5928	1
5929	5
593	32
5930	1
5931	4
5932	5
5933	10
5934	9
5935	33
5936	1
5937	2
5938	3
5939	3
594	36
5941	4
5942	6
5943	13
5944	4
5945	16
5946	7
5947	1
595	13
5950	1
5951	1
5952	1
5953	3
5954	1
596	31
5960	2
5962	1
5965	2
5966	1
5967	2
5968	9
5969	4
597	51
5971	2
5972	2
5973	9
5974	1
5975	1
5976	4
5977	3
5979	2
598	23
5980	6
5981	2
5982	5
5983	1
5985	12
5987	3
5989	6
599	37
5991	3
5992	1
5993	2
5994	4
5995	2
5996	1
5997	7
5998	3
5999	1
6	20
60	41
600	30
6002	5
6003	5
6004	8
6005	1
6007	1
6008	5
6009	1
601	55
6015	10
6016	2
6017	5
6018	2
6019	14
602	66
6020	2
6021	15
6022	4
6023	8
6024	10
6025	5
6026	9
6027	19
6028	20
6029	7
603	39
6030	6
6032	6
6034	2
6036	6
6037	6
6038	8
6039	3
604	42
6040	4
6041	1
6042	6
6043	6
6044	4
6045	12
6046	7
6047	3
6048	5
6049	2
605	91
6050	3
6051	10
6052	5
6053	6
6054	6
6055	4
6056	1
6057	1
606	43
6060	15
6061	1
6062	10
6063	2
6064	18
6065	3
6066	9
6067	1
6068	11
6069	1
607	56
6070	20
6071	2
6073	7
6074	15
6075	12
6076	11
6077	1
6078	41
6079	7
608	54
6080	18
6081	16
6082	8
6083	14
6084	40
6085	9
6086	6
6087	6
6088	12
6089	3
609	39
6090	10
6091	8
6092	15
6093	10
6094	22
6095	17
6096	3
6097	13
6098	20
6099	7
61	43
610	77
6100	17
6101	10
6102	29
6103	14
6104	25
6105	20
6106	16
6107	19
6108	4
6109	41
611	60
6110	3
6111	5
6115	1
6116	2
6117	2
6118	9
6119	7
612	38
6120	3
6121	4
6122	3
6124	2
6125	4
6127	1
6128	30
6129	8
613	11
6130	5
6131	1
6132	10
6133	3
6134	9
6135	17
6136	3
6137	1
6138	17
6139	7
614	38
6140	4
6141	5
6142	24
6143	6
6144	15
6145	24
6146	18
6147	7
6148	11
6149	7
615	38
6150	16
6151	6
6152	21
6153	7
6154	22
6155	4
6156	10
6157	14
6158	9
6159	18
616	14
6160	26
6161	4
6162	15
6163	4
6164	27
6165	5
6166	16
6167	5
6168	27
6169	16
617	43
6170	5
6171	6
6172	5
6173	10
6174	16
6175	11
6176	8
6177	4
6178	9
6179	12
618	34
6180	16
6181	21
6182	6
6183	12
6184	18
6185	16
6186	40
6187	9
6188	41
6189	6
619	43
6190	10
6191	22
6192	3
6193	14
6194	7
6195	16
6196	15
6197	12
6198	20
6199	9
62	52
620	31
6200	20
6201	12
6202	43
6203	16
6204	69
6205	12
6206	15
6207	24
6208	31
6209	53
621	38
6210	19
6211	10
6212	44
6214	2
6215	6
6216	33
6217	5
6218	11
6219	7
622	39
6220	13
6221	17
6222	15
6223	29
6224	11
6225	15
6226	22
6227	8
6229	5
623	42
6230	5
6231	13
6232	4
6233	8
6234	18
6235	8
6236	48
6237	7
6238	13
6239	8
624	43
6240	24
6241	21
6242	6
6243	22
6244	2
6245	5
6246	11
6247	24
6248	9
6249	1
625	25
6250	4
6251	16
6252	32
6253	14
6254	26
6255	20
6256	37
6257	28
6258	11
6259	52
626	29
6260	20
6261	11
6262	7
6263	39
6264	15
6265	14
6266	6
6267	3
6268	15
6269	13
627	31
6270	19
6271	23
6272	8
6273	8
6274	15
6275	9
6276	8
6277	17
6278	9
6279	17
628	32
6280	2
6281	25
6282	17
6283	7
6284	4
6285	31
6286	13
6287	17
6288	11
6289	9
629	34
6290	6
6291	6
6293	16
6294	5
6295	23
6296	6
6297	13
6299	9
63	23
630	32
6300	4
6301	4
6302	5
6303	2
6304	1
6305	6
6306	4
6307	1
6308	1
6309	1
631	46
6310	2
6311	2
6317	1
6318	2
6319	1
632	47
6320	14
6322	21
6323	15
6324	1
6326	8
6327	5
6328	2
633	23
6330	11
6331	5
6332	6
6333	1
6334	3
6335	4
6336	5
6337	3
6338	5
6339	4
634	25
6340	21
6341	6
6342	18
6344	5
6349	2
635	42
6351	5
6352	1
6353	2
6354	4
6355	1
6356	2
6357	4
6358	1
6359	4
636	33
6360	2
6361	1
6362	7
6364	2
6365	5
6366	9
6367	14
6368	11
6369	16
637	40
6370	18
6371	6
6372	7
6373	11
6374	15
6375	9
6376	13
6377	10
6378	16
6379	18
638	51
6380	9
6381	8
6382	4
6383	13
6384	7
6385	4
6386	3
6387	4
6388	10
6389	4
639	17
6390	20
6391	4
6393	4
6394	11
6396	20
6397	7
6398	3
64	62
640	21
6400	8
6401	6
6402	24
6403	2
6404	15
6406	11
6407	4
6408	6
641	27
6410	24
6411	1
6412	16
6413	3
6414	5
6416	22
6417	9
6418	9
642	37
6420	2
6422	5
6424	15
6425	8
6426	10
6427	2
6428	8
643	62
6430	1
6431	2
6432	3
6433	8
6434	6
6435	6
6436	4
6437	3
6438	9
6439	5
644	29
6440	11
6441	6
6442	5
6443	4
6444	1
6445	13
6446	1
6447	9
6448	7
6449	5
645	14
6450	3
6451	10
6452	8
6454	1
6455	4
6456	7
6457	12
6458	15
6459	14
646	28
6460	3
6461	5
6462	4
6463	2
6464	1
6465	5
6466	5
6467	4
6469	9
647	56
6470	8
6471	4
6472	3
6473	3
6474	10
6475	5
6476	2
6477	10
6479	4
648	67
6480	3
6481	1
6482	10
6483	1
6485	2
6486	7
6487	3
6488	2
6489	1
649	62
6490	5
6491	6
6492	10
6493	5
6494	3
6495	5
6496	4
6497	15
6498	1
6499	14
65	48
650	34
6500	1
6501	4
6503	9
6504	1
6505	8
6506	2
6507	16
6508	5
6509	2
651	40
6510	4
6511	1
6512	5
6514	7
6515	14
6516	3
6517	6
6518	1
6519	3
652	17
6520	11
6521	1
6522	3
6523	5
6524	3
6525	3
6526	12
6527	6
6528	7
6529	6
653	56
6530	8
6531	23
6532	17
6533	9
6534	7
6535	6
6536	28
6538	10
6539	2
654	59
6540	20
6541	15
6542	6
6543	15
6544	13
6545	7
6546	5
6548	9
6549	6
655	46
6550	17
6551	9
6552	3
6553	8
6554	12
6555	21
6556	23
6557	16
6558	5
6559	6
656	76
6560	3
6561	8
6563	4
6564	3
6565	6
6566	11
6567	11
6568	11
6569	14
657	38
6570	7
6571	13
6572	11
6573	6
6574	25
6575	16
6576	7
6577	7
6578	6
6579	15
658	44
6580	8
6581	11
6582	7
6583	7
6584	13
6585	9
6586	4
6588	18
6589	10
659	27
6590	22
6591	5
6592	11
6593	24
6594	10
6595	9
6596	16
6597	10
6598	1
6599	7
66	65
660	33
6600	9
6601	8
6602	9
6603	10
6604	7
6605	4
6606	4
6607	8
6608	9
6609	15
661	30
6610	12
6611	12
6612	9
6613	1
6614	4
6615	33
6616	3
6617	14
6618	3
6619	4
662	41
6620	16
6621	15
6622	5
6623	4
6624	2
6625	9
6626	5
6627	8
6628	12
6629	2
663	36
6630	6
6631	19
6632	9
6633	11
6634	6
6635	14
6636	14
6637	8
6638	11
6639	23
664	33
6640	9
6641	5
6642	8
6643	14
6644	9
6645	4
6646	10
6649	15
665	23
6650	8
6651	17
6652	5
6653	6
6654	26
6655	7
6656	18
6657	19
6658	6
6659	10
6660	8
6661	19
6662	11
6663	5
6664	6
6665	6
6667	18
6668	6
6669	4
667	67
6670	17
6671	4
6672	11
6673	10
6674	7
6675	15
6676	6
6677	5
6678	34
6679	22
668	21
6680	20
6681	11
6682	8
6683	3
6684	9
6685	2
6686	16
6687	6
6688	17
6689	5
669	44
6690	9
6691	7
6692	6
6693	8
6694	7
6695	10
6696	4
6697	5
6698	8
6699	19
67	47
670	27
6700	3
6701	7
6702	4
6703	10
6704	5
6705	2
6706	11
6707	21
6708	8
6709	6
671	36
6710	10
6711	17
6712	6
6713	8
6714	7
6715	5
6716	17
6717	7
6718	31
6719	16
672	37
6720	3
6721	7
6722	6
6723	19
6724	8
6725	8
6726	7
6727	4
6728	9
6729	11
673	14
6731	5
6732	9
6733	8
6734	9
6735	19
6736	21
6737	3
6738	16
6739	2
674	48
6740	3
6741	2
6742	18
6743	3
6745	11
6746	2
6747	15
6748	10
6749	5
675	28
6750	5
6751	21
6752	11
6753	15
6754	8
6755	9
6756	2
6757	13
6758	7
6759	17
676	60
6761	10
6762	11
6763	20
6764	12
6765	10
6766	6
6767	1
6768	18
6769	18
677	40
6770	5
6771	11
6772	5
6773	21
6774	14
6775	20
6776	14
6777	11
6778	2
6779	66
678	49
6780	5
6781	5
6782	14
6783	9
6784	42
6785	13
6786	10
6787	14
6788	16
6789	5
679	30
6790	21
6791	6
6792	6
6793	19
6794	26
6795	8
6796	20
6797	16
6798	17
6799	7
68	9
680	25
6800	58
6801	5
6802	14
6803	4
6804	18
6805	8
6806	21
6807	20
6808	10
6809	5
681	48
6810	13
6811	14
6812	40
6814	8
6815	67
6816	23
6817	17
6818	18
6819	7
682	25
6820	21
6821	10
6822	17
6823	22
6824	43
6825	6
6826	26
6827	28
6828	70
6829	7
683	30
6830	15
6831	20
6832	9
6833	26
6834	20
6835	12
6836	9
6837	33
6838	14
6839	6
684	93
6840	15
6841	16
6842	24
6843	26
6844	18
6845	5
6846	9
6847	21
6848	22
6849	35
685	41
6850	13
6851	4
6852	18
6853	7
6854	40
6855	8
6856	5
6857	31
6858	22
6859	5
686	30
6860	12
6861	26
6862	11
6863	6
6864	13
6865	8
6866	8
6867	14
6868	43
6869	9
687	39
6870	5
6871	14
6872	5
6873	21
6874	10
6875	10
6876	77
6877	1
6878	17
6879	16
688	64
6880	19
6881	6
6882	15
6883	6
6884	15
6885	13
6886	8
6887	7
6888	22
6889	11
689	39
6890	21
6891	28
6892	5
6893	6
6894	46
6895	1
6896	50
6897	11
6898	32
6899	11
69	27
690	35
6900	4
6901	9
6902	11
6903	46
6904	20
6905	16
6906	78
6907	55
6908	16
6909	20
691	55
6910	10
6911	59
6912	2
6914	13
6915	12
6916	4
6918	8
6919	13
692	31
6920	5
6921	2
6922	4
6923	21
6924	6
6925	6
6926	9
6927	7
6928	8
6929	5
693	21
6930	5
6932	16
6933	9
6934	21
6935	15
6936	17
6937	3
6938	19
6939	89
694	42
6940	5
6941	13
6942	17
6943	3
6944	9
6945	5
6946	10
6947	3
6948	9
6949	3
695	42
6950	8
6951	8
6952	13
6953	10
6954	10
6956	3
6957	8
6958	11
6959	2
696	23
6960	27
6961	11
6962	2
6963	2
6964	57
6965	13
6966	3
6967	8
6968	4
697	20
6970	14
6971	1
6972	17
6973	6
6974	7
6975	4
6976	5
6977	4
6978	1
6979	6
698	23
6980	15
6981	15
6982	10
6983	6
6984	18
6985	26
6986	3
6987	2
6988	8
6989	21
699	33
6990	13
6991	9
6992	2
6993	4
6994	18
6995	11
6997	2
6998	7
6999	16
7	39
70	33
700	35
701	41
7015	3
7017	3
7018	5
7019	3
702	27
7020	8
7021	5
7022	4
7023	15
7024	5
7025	1
7026	4
7027	1
7028	1
7029	3
703	23
7030	16
7031	9
7032	20
7033	9
7034	13
7035	25
7036	10
7037	2
7038	16
7039	17
704	45
7040	6
7041	5
7042	17
7043	8
7044	15
7045	11
7046	22
7047	11
7048	6
7049	10
705	26
7050	5
7051	13
7052	18
7053	16
7054	10
7055	36
7056	7
7057	20
7058	9
7059	10
706	49
7060	14
7061	8
7062	22
7063	15
7064	8
7065	18
7066	3
7067	13
7068	14
7069	9
707	51
7070	20
7071	17
7072	18
7073	7
7074	18
7075	3
7076	12
7077	19
7078	4
7079	9
708	37
7080	20
7081	30
7082	15
7083	13
7084	22
7085	15
7086	11
7087	9
7088	12
7089	3
709	31
7090	8
7091	7
7093	8
7094	2
7095	12
7097	34
7098	32
7099	12
71	18
710	48
7100	16
7101	3
7102	10
7103	9
7104	10
7105	12
7106	11
7107	14
7108	10
7109	20
711	22
7110	7
7111	10
7112	19
7114	7
7116	35
7118	33
7119	30
712	26
7120	2
7121	12
7122	34
7123	6
7124	20
7125	8
7126	63
7127	20
7128	45
7129	17
713	5
7130	10
7131	15
7132	10
7133	13
7134	25
7135	20
7136	24
7137	9
7138	31
7139	14
714	20
7140	15
7141	15
7142	6
7143	10
7144	30
7145	16
7146	14
7147	5
7148	21
7149	20
715	30
7150	20
7151	25
7152	13
7153	18
7154	34
7155	15
7156	24
7157	15
7158	6
7159	24
716	33
7160	24
7161	23
7162	10
7163	7
7164	15
7165	10
7166	20
7167	5
7168	23
7169	6
717	15
7170	35
7171	21
7172	25
7173	16
7174	25
7175	4
7176	16
7177	18
7178	10
7179	23
718	14
7180	24
7181	23
7182	30
7183	11
7184	10
7185	6
7186	18
7187	12
7188	19
7189	36
719	24
7190	31
7191	7
7192	55
7193	21
7194	16
7195	18
7196	32
7197	19
7198	11
7199	23
72	28
720	44
7200	10
7201	15
7202	24
7203	13
7204	15
7205	24
7206	26
7207	14
7208	17
7209	28
721	56
7210	56
7211	19
7212	13
7214	20
7215	26
7216	22
7217	11
7218	19
7219	10
722	31
7220	12
7221	7
7222	36
7223	13
7224	21
7225	18
7226	13
7227	31
7228	9
7229	12
723	33
7230	14
7231	8
7232	16
7233	10
7234	13
7235	15
7236	11
7237	28
7238	36
7239	12
724	32
7240	17
7241	15
7242	10
7243	23
7244	22
7245	25
7246	20
7247	7
7248	22
7249	17
725	25
7250	9
7251	20
7252	13
7253	15
7254	17
7255	16
7256	26
7257	21
7258	16
7259	12
726	21
7260	17
7261	24
7262	29
7263	26
7264	29
7265	18
7266	27
7267	17
7268	44
7269	15
727	16
7270	29
7271	6
7272	15
7273	9
7274	20
7275	10
7276	6
7277	5
7278	22
7279	16
728	41
7280	50
7281	4
7282	8
7283	10
7284	8
7285	14
7286	3
7287	19
7288	9
7289	8
729	20
7290	33
7291	28
7292	19
7293	32
7294	7
7295	13
7296	4
7297	17
7298	20
7299	12
73	48
730	27
7300	18
7301	22
7302	16
7303	10
7304	8
7305	7
7306	20
7307	32
7308	55
7309	24
731	33
7310	23
7311	17
7312	14
7314	9
7315	23
7316	11
7318	46
7319	17
732	48
7320	20
7321	6
7322	19
7323	12
7324	13
7325	22
7326	2
7327	16
7328	32
7329	13
733	34
7330	12
7331	6
7332	7
7333	6
7334	3
7335	13
7336	14
7337	8
7338	5
7339	26
734	19
7340	5
7341	9
7342	12
7343	3
7344	5
7345	11
7346	27
7347	8
7348	21
7349	2
735	15
7350	35
7351	3
7352	52
7353	9
7354	7
7355	3
7356	24
7357	25
7358	44
7359	11
736	47
7360	7
7361	10
7362	31
7363	17
7364	20
7365	17
7366	34
7367	59
7368	25
7369	22
737	6
7370	31
7371	28
7372	6
7373	8
7374	4
7375	8
7376	4
7377	13
7378	1
7379	18
738	10
7380	3
7381	23
7382	6
7383	7
7384	3
7385	16
7387	6
7388	3
7389	12
739	28
7390	5
7391	3
7392	13
7393	8
7394	19
7395	9
7396	3
7397	3
7398	3
7399	2
74	11
740	32
7400	2
7403	7
7404	3
7405	6
7406	1
7407	4
7408	7
7409	13
741	31
7410	7
7411	5
7412	14
7414	7
7415	2
7416	7
7417	11
7418	11
7419	1
742	23
7420	2
7421	13
7422	2
7423	1
7424	8
7425	4
7426	21
7427	8
7428	4
7429	2
743	20
7430	1
7434	1
7435	1
7438	1
744	26
7443	1
7448	7
7449	2
745	41
7450	7
7451	4
7452	9
7453	6
7454	8
7455	12
7456	15
7457	16
7458	9
7459	13
746	12
7460	14
7461	11
7462	4
7463	10
7464	12
7465	9
7466	7
7467	3
7468	9
7469	10
747	10
7470	10
7471	11
7472	17
7473	11
7474	17
7475	6
7476	8
7477	3
7478	4
7479	3
748	24
7480	5
7481	2
7482	7
7483	3
7484	2
7486	3
7487	3
7488	7
749	37
7490	5
7491	4
7492	3
7493	5
7494	1
7495	1
7496	1
7497	2
7498	9
7499	11
75	17
750	32
751	26
752	24
753	60
754	7
755	9
756	36
757	20
758	22
759	42
76	18
760	48
761	29
762	29
763	38
764	18
765	37
766	45
767	8
768	25
769	32
77	9
770	24
771	29
772	30
773	29
774	35
775	40
776	23
777	6
778	24
779	20
78	14
780	24
781	33
782	28
783	29
784	21
785	22
786	12
787	23
788	21
789	24
79	13
790	14
791	30
792	44
793	20
794	35
795	29
796	12
797	22
798	28
799	24
8	42
80	12
800	4
801	7
802	18
803	18
804	14
805	15
806	18
807	18
808	20
809	21
81	41
810	15
811	11
812	16
813	6
814	32
815	19
816	27
817	32
818	36
819	27
82	23
820	18
821	37
822	35
823	23
824	10
825	22
826	20
827	20
828	37
829	39
83	7
830	47
831	49
832	29
833	28
834	4
835	34
836	31
837	47
838	28
839	22
84	17
840	29
841	17
842	43
843	27
844	22
845	19
846	38
847	21
848	15
849	15
85	24
850	12
851	26
852	28
853	34
854	23
855	21
856	50
857	31
858	24
859	25
86	19
860	24
861	17
862	24
863	32
864	25
865	19
866	22
867	19
868	30
869	44
87	5
870	20
871	24
872	28
873	44
874	85
875	27
876	37
877	31
878	42
879	17
88	59
880	13
881	18
882	42
883	59
884	42
885	27
886	18
887	14
888	28
889	17
89	49
890	27
891	18
892	10
893	15
894	19
895	54
896	38
897	19
898	8
899	15
9	22
90	15
900	8
901	11
902	15
903	14
904	20
905	17
906	11
907	78
908	24
909	9
91	17
910	13
912	23
913	8
914	22
915	21
916	22
917	15
918	21
919	12
92	26
920	17
921	23
922	12
923	12
924	7
925	19
926	9
927	20
928	10
929	13
93	27
930	27
931	30
932	28
933	18
934	24
935	32
936	26
937	21
938	20
939	24
94	32
940	13
941	9
942	27
943	8
944	18
945	13
946	18
947	19
948	8
949	35
95	18
950	29
951	36
952	43
953	20
954	21
955	20
956	6
957	7
958	15
959	16
96	31
960	52
961	17
962	7
963	11
964	15
965	14
966	10
967	20
968	7
969	4
97	25
970	18
971	13
972	13
973	19
974	28
975	29
976	19
977	20
978	16
979	30
98	38
980	9
981	46
982	33
983	5
984	24
985	9
986	5
987	4
988	18
989	16
99	19
990     13
991	12
992     6
993	11
994	11
995	14
996	5
997	8
998	9
999	7
